0,496
53,4
53,3
53,2
53,1
53,0
52,3
52,2
52,1
52,0
51,3
51,2
51,1
51,0
0,495
0,494
0,493
33,5
0,492
0,491
50,5
0,490
0,489
50,4
50,3
50,2
50,1
50,0
0,488
0,487
0,486
0,485
0,484
0,483
0,482
49,4
49,3
49,2
49,1
49,0
0,481
0,480
48,4
48,3
48,2
48,1
48,0
0,479
47,5
47,4
47,3
47,2
47,1
47,0
46,4
46,3
46,2
46,1
46,0
45,3
45,2
45,1
45,0
0,478
44,5
44,4
44,3
44,2
44,1
44,0
0,477
0,476
0,475
0,474
43,4
43,3
43,2
43,1
43,0
0,473
0,472
37,4
0,471
0,470
0,469
0,468
0,467
0,466
0,465
0,464
0,463
0,462
0,461
0,460
0,459
0,458
0,457
0,456
0,455
42,5
42,4
42,3
42,2
0,454
42,1
42,0
0,453
0,452
0,451
0,450
0,449
0,448
0,447
0,446
0,445
0,444
0,443
0,442
0,441
0,440
0,439
0,438
0,437
41,4
41,3
41,2
0,436
41,1
41,0
0,435
